ImgFilename, ImgWidth, OrgWidth, OrgHeight, OrgFilename, OrgFilesize, ImgHeight, ImgFilesize
img001.jpg, 1920, 6000, 3375, Weiden1.jpg, 7643793, 1080, 521414
img002.jpg, 1920, 4893, 2752, Drawa2.jpg, 5859702, 1080, 459623
img003.jpg, 1920, 4821, 2712, Landschaft2.jpg, 2609652, 1080, 197901
img004.jpg, 1920, 6000, 3376, Insekt3.jpg, 4590779, 1080, 301194
img005.jpg, 1281, 2253, 3376, Sonnenuntergang1.jpg, 2842287, 1920, 342091
img006.jpg, 1920, 5047, 3363, Elbe1.jpg, 4682071, 1279, 185022
img007.jpg, 1920, 5993, 3371, Stadt1.jpg, 4105485, 1080, 294454
img008.jpg, 1920, 6000, 3375, Landschaft1.jpg, 5479161, 1080, 347483
img009.jpg, 1920, 5541, 3117, Wald2.jpg, 9744074, 1080, 721613
img010.jpg, 1920, 5739, 3228, Drawa3.jpg, 6784802, 1080, 504081
img011.jpg, 1920, 6016, 4016, Regenbogen1.jpg, 7069741, 1282, 324750
img012.jpg, 1920, 4726, 2658, Elbe3.jpg, 2600519, 1080, 201551
img013.jpg, 1920, 4502, 3376, Blumen1.jpg, 4894232, 1440, 326997
img014.jpg, 1920, 5767, 3244, Elbe2.jpg, 3012524, 1080, 163230
img015.jpg, 1920, 4901, 2757, HMVEE1.jpg, 4580871, 1080, 394477
img016.jpg, 1920, 5449, 3065, Moos.jpg, 3246113, 1080, 227454
img017.jpg, 1920, 6005, 3378, Wald6.jpg, 8364951, 1080, 408779
img018.jpg, 1920, 6016, 4016, Drawa1.jpg, 7244710, 1282, 492640
img019.jpg, 1920, 6000, 3376, Nebel1.jpg, 1797730, 1080, 70378
img020.jpg, 1920, 6000, 4000, Sonnenaufgang2.jpg, 3894043, 1280, 170442
img021.jpg, 1920, 6000, 3376, Blumen3.jpg, 5067191, 1080, 386407
